;
; (table computed using nonlinearity coefficient 3.000)
;
               DC.L    0000000000      ;  0    0.00       1.0    0.0000000000
               DC.L     469063168      ;  1    0.02       2.0    0.1092122793
               DC.L     497987840      ;  2    0.02       2.1    0.1159468293
               DC.L     576979648      ;  3    0.02       2.2    0.1343385428
               DC.L     730374400      ;  4    0.02       2.5    0.1700535417
               DC.L     973539840      ;  5    0.02       3.0    0.2266699076
               DC.L    1300014720      ;  6    0.03       3.7    0.3026832640
               DC.L    1678439936      ;  7    0.04       4.7    0.3907922506
               DC.L    2066717952      ;  8    0.05       6.1    0.4811952710
               DC.L    2430080768      ;  9    0.06       7.8    0.5657972693
               DC.L    2749152256      ; 10    0.08      10.0    0.6400868893
               DC.L    3018129408      ; 11    0.10      12.6    0.7027130127
               DC.L    3239472896      ; 12    0.13      15.8    0.7542485595
               DC.L    3419323904      ; 13    0.16      19.5    0.7961233854
               DC.L    3564713728      ; 14    0.19      23.9    0.8299745917
               DC.L    3682212864      ; 15    0.23      28.9    0.8573319912
               DC.L    3777432576      ; 16    0.28      34.6    0.8795020580
               DC.L    3854951936      ; 17    0.33      41.1    0.8975509405
               DC.L    3918416640      ; 18    0.39      48.5    0.9123274684
               DC.L    3970695168      ; 19    0.45      56.6    0.9244995117
               DC.L    4014034944      ; 20    0.53      65.7    0.9345903397
               DC.L    4050194432      ; 21    0.61      75.8    0.9430093765
               DC.L    4080551936      ; 22    0.69      86.8    0.9500775337
               DC.L    4106194176      ; 23    0.79      98.9    0.9560478330
               DC.L    4127979520      ; 24    0.90     112.1    0.9611201286
               DC.L    4146591488      ; 25    1.01     126.5    0.9654535651
               DC.L    4162576896      ; 26    1.14     142.0    0.9691754580
               DC.L    4176375040      ; 27    1.27     158.8    0.9723880887
               DC.L    4188342784      ; 28    1.42     176.9    0.9751745462
               DC.L    4198769152      ; 29    1.57     196.3    0.9776021242
               DC.L    4207891968      ; 30    1.74     217.1    0.9797261953
               DC.L    4215906816      ; 31    1.91     239.3    0.9815922976
               DC.L    4222974720      ; 32    2.10     263.0    0.9832379222
               DC.L    4229230592      ; 33    2.31     288.3    0.9846944809
               DC.L    4234786816      ; 34    2.52     315.1    0.9859881401
               DC.L    4239737856      ; 35    2.75     343.6    0.9871408939
               DC.L    4244163328      ; 36    2.99     373.7    0.9881712794
               DC.L    4248130560      ; 37    3.24     405.5    0.9890949726
               DC.L    4251697152      ; 38    3.51     439.1    0.9899253845
               DC.L    4254912256      ; 39    3.80     474.6    0.9906739593
               DC.L    4257818112      ; 40    4.09     511.9    0.9913505316
               DC.L    4260450048      ; 41    4.41     551.1    0.9919633269
               DC.L    4262840064      ; 42    4.74     592.2    0.9925197959
               DC.L    4265015296      ; 43    5.08     635.4    0.9930262566
               DC.L    4266999040      ; 44    5.44     680.6    0.9934881330
               DC.L    4268811776      ; 45    5.82     727.9    0.9939101934
               DC.L    4270471680      ; 46    6.22     777.4    0.9942966700
               DC.L    4271994880      ; 47    6.63     829.1    0.9946513176
               DC.L    4273393920      ; 48    7.06     883.0    0.9949770570
               DC.L    4274682368      ; 49    7.51     939.2    0.9952770472
               DC.L    4275869952      ; 50    7.98     997.8    0.9955535531
               DC.L    4276967168      ; 51    8.47    1058.8    0.9958090186
               DC.L    4277981952      ; 52    8.98    1122.2    0.9960452914
               DC.L    4278921984      ; 53    9.50    1188.0    0.9962641597
               DC.L    4279794176      ; 54   10.05    1256.4    0.9964672327
               DC.L    4280604160      ; 55   10.62    1327.4    0.9966558218
               DC.L    4281357824      ; 56   11.21    1401.0    0.9968312979
               DC.L    4282059264      ; 57   11.82    1477.3    0.9969946146
               DC.L    4282714112      ; 58   12.45    1556.4    0.9971470833
               DC.L    4283324928      ; 59   13.11    1638.2    0.9972893000
               DC.L    4283895808      ; 60   13.78    1722.8    0.9974222183
               DC.L    4284430336      ; 61   14.48    1810.2    0.9975466728
               DC.L    4284931072      ; 62   15.21    1900.6    0.9976632595
               DC.L    4285400064      ; 63   15.95    1994.0    0.9977724552
               DC.L    4285840896      ; 64   16.72    2090.4    0.9978750944
               DC.L    4286254592      ; 65   17.52    2189.8    0.9979714155
               DC.L    4286644224      ; 66   18.34    2292.3    0.9980621338
               DC.L    4287010560      ; 67   19.18    2398.0    0.9981474280
               DC.L    4287355904      ; 68   20.06    2506.9    0.9982278347
               DC.L    4287681536      ; 69   20.95    2619.1    0.9983036518
               DC.L    4287988736      ; 70   21.88    2734.5    0.9983751774
               DC.L    4288279296      ; 71   22.83    2853.3    0.9984428287
               DC.L    4288553472      ; 72   23.80    2975.5    0.9985066652
               DC.L    4288813312      ; 73   24.81    3101.1    0.9985671639
               DC.L    4289059072      ; 74   25.84    3230.2    0.9986243844
               DC.L    4289292032      ; 75   26.90    3362.9    0.9986786246
               DC.L    4289512960      ; 76   27.99    3499.1    0.9987300634
               DC.L    4289722368      ; 77   29.11    3639.0    0.9987788200
               DC.L    4289921024      ; 78   30.26    3782.5    0.9988250732
               DC.L    4290109952      ; 79   31.44    3929.8    0.9988690615
               DC.L    4290289920      ; 80   32.65    4080.8    0.9989109635
               DC.L    4290460672      ; 81   33.89    4235.7    0.9989507198
               DC.L    4290623488      ; 82   35.16    4394.5    0.9989886284
               DC.L    4290778624      ; 83   36.46    4557.1    0.9990247488
               DC.L    4290926336      ; 84   37.79    4723.8    0.9990591407
               DC.L    4291066880      ; 85   39.16    4894.4    0.9990918636
               DC.L    4291201280      ; 86   40.55    5069.1    0.9991231561
               DC.L    4291329792      ; 87   41.98    5248.0    0.9991530776
               DC.L    4291451904      ; 88   43.45    5430.9    0.9991815090
               DC.L    4291569152      ; 89   44.95    5618.1    0.9992088079
               DC.L    4291681280      ; 90   46.48    5809.6    0.9992349148
               DC.L    4291788288      ; 91   48.04    6005.3    0.9992598295
               DC.L    4291890688      ; 92   49.64    6205.4    0.9992836714
               DC.L    4291988736      ; 93   51.28    6409.9    0.9993065000
               DC.L    4292082688      ; 94   52.95    6618.8    0.9993283749
               DC.L    4292172800      ; 95   54.66    6832.3    0.9993493557
               DC.L    4292259328      ; 96   56.40    7050.2    0.9993695021
               DC.L    4292342272      ; 97   58.18    7272.8    0.9993888140
               DC.L    4292421632      ; 98   60.00    7500.0    0.9994072914
               DC.L    0FFFFFFFFH      ; 99   ~INF.  ??(HUGE)    0.99999999999999999999999999.....
